01000101001110010010000000000000
01000101001110010010000000000000
01000101001110010010000000000000
00111111010011011100000111101000
01000101001110010010000000000000
01000101001011011001000000000000
01000101001110010010000000000000
00111111010011011100000111101000
01000101001110010010000000000000
11000100011110111100000000000000
01000101001110010010000000000000
00111110100110001000000100011011
01000101001110010010000000000000
11000011011101100000000000000000
01000101001110010010000000000000
10111100010011100111000000111011
00111111010011011100000111101000
00111111010011011100000111101000
00111111010011011100000111101000
01000101001011011001000000000000
00111111010011011100000111101000
00111111010011011100000111101000
00111111010011011100000111101000
11000100011110111100000000000000
00111111010011011100000111101000
00111110100110001000000100011011
00111111010011011100000111101000
11000011011101100000000000000000
00111111010011011100000111101000
10111100010011100111000000111011
01000101001011011001000000000000
01000101001011011001000000000000
01000101001011011001000000000000
00111111010011011100000111101000
01000101001011011001000000000000
11000100011110111100000000000000
01000101001011011001000000000000
00111110100110001000000100011011
01000101001011011001000000000000
11000011011101100000000000000000
01000101001011011001000000000000
10111100010011100111000000111011
00111111010011011100000111101000
00111111010011011100000111101000
00111111010011011100000111101000
11000100011110111100000000000000
00111111010011011100000111101000
00111110100110001000000100011011
00111111010011011100000111101000
11000011011101100000000000000000
00111111010011011100000111101000
10111100010011100111000000111011
11000100011110111100000000000000
11000100011110111100000000000000
11000100011110111100000000000000
00111110100110001000000100011011
11000100011110111100000000000000
11000011011101100000000000000000
11000100011110111100000000000000
10111100010011100111000000111011
00111110100110001000000100011011
00111110100110001000000100011011
00111110100110001000000100011011
11000011011101100000000000000000
00111110100110001000000100011011
10111100010011100111000000111011
11000011011101100000000000000000
11000011011101100000000000000000
11000011011101100000000000000000
10111100010011100111000000111011
10111100010011100111000000111011
10111100010011100111000000111011
10101111110101100111010011101010
10111101110011011101011100000100
01011010011110111011001010011000
10100110000111011001001001010101
11011001000110101111001001010100
11010101001111011100100000101100
01001101110101111101100001010110
00110000111011110111011010001010
10110000110110110001000100001010
01001111000001011011011000011001
01000100000011001100010100000011
00111000100100101010101001111100
11001011111111101100100011111101
11001010001010110100011000100010
01011100010100011111101011011111
01001111011000011001111000011110
00101100000001011101001011110101
10110110001111101000010100010101
11010011000100011000000010000000
10100000110010110100011111011001
01010000001101101100111011101111
00101100110011001001101010010001
11000011000010111000101111100010
00101100101001001101110011000010
00100110001101010101000010000000
10111111100101011011100010111011
01011100100100110011111001101011
01011000111001110101100001011110
10111111000011010101010000001011
10110111000111111101001001110100
00111111111011001100100000000111
11000000010111011010000110110111
11000101100101110110100001101011
11001010010100000001100001010000
00110111000001000010001010110110
00100010100011111011111011010101
10100101111010010010110101100010
10100111010101110000001110011011
10111001010000000110000010100111
11011010000000000101111100011001
11011000010010101100110000000001
10111100110100111101001101100110
10101010110000001000011010011101
01000100100011010010101111110101
01000100100100110001001110111101
01011001100110110111100011101000
00110010110011101111000011011100
10101000110001010011010001100011
10100010101000100101001110010101
11000001000011001111010110100001
00111011010011010101101111011111
01000001101101100011100110011000
11000001111001101111111001111110
10111011111110000011000000110011
01000110100001010101000110000100
01001010001000110010111100111111
11001011111000100000111100110010
01000011100101010111111001000100
01000001101101101011101010001111
10101101001010100110100011111100
11001110000011001110100100010000
10100011110100111110100111010010
10111000010100101111001111100110
00110101011100110010000100011000
00101110100010100111000011100110
11011010110101000010110010010001
01010011010001100000011011010100
00101011111110100001011011001110
10101010010101010000110010011001
01011000000011001101011111010100
10111100100110011110000010011010
00101001001011110100101001000011
10101111110001111000010101101001
00110111100011000011001110111010
01010110110010100000110110100110
01000001100000110101111111001100
00101010000001010011010111011110
01000110100100100101111000010011
10101001110110110010011101110010
10110101001001001010011100000110
10100110110110101010101011100011
10100010100100011011010010010111
10111110110011000011000100111100
11001011100000010000110010111111
00110010100110110000011111010110
11001000111000011010011010101010
10110100110110110000110010100011
10110011000000001100000011100010
11001010101001110001000111111001
11010101100001110001111011101000
11010000001100100101010010101010
10111010110011000111110001101011
01000101000001000111110000111001
10110000100000111110011100100001
10110001100110110101000111010110
11010011010100101100000010111001
11001010000011100101111001010001
01000100011011010001100100001011
11000000100100000011110100010011
11001001101011011110101101111011
00111110100010011100111011011000
01001000010100110001110011100111
10110101100000000111110101010010
11010111100011101111110110000101
11001111011100000001001000100000
00110111100100000101100111111000
11001001111100000111101100000110
01011011011110111011100001110001
01010000100111101010011100110010
11000001000010110111110011110100
11010100010000101100111000101111
11000010010111101010010010010001
10101000001010011000101011110100
00100100011000111101001011001000
11010001100111010100001011000100
10101100010100000111011011000101
11001100001111000100001101101001
10110001101100001011010110101011
00101000010100000100011101010000
00101101001010010011110011111100
01001000011000110110011010001001
11011010110101000010010001110101
10110110010110000110000100011000
00110001011100111000100000101011
00100000111011100111100011110111
00111000101010011000011000011100
10110010100000111011101110111101
00101000100010011110101111010111
01010101111000011111100001000100
01001111001110100010001000000100
01001000000001011000110000001100
11011001000100001011100101010111
00110001110011000000000011011101
10111000010100000101111010110111
11011001110100011011101101010000
01010011000000110000001010101111
11010011001110001100011010001011
10111111011011001110001111110001
10110110001001000011001100010101
00100111010010100100011100001110
11000111100000000001010100010100
10110101100110100011000000011101
10110100001101110101001011101100
00111111111000101011011100111000
01010101110101000001110111111100
11000111010001110111010111101011
11001001010001111000101001110011
00011111011011011101100100111110
00110001010011110111100000000011
10110011011111111011001011101010
01010010101011100001101001110111
11011000000110110001001011101110
10101010101000110101111101110101
10110100110011011010111100001101
11001001010110111010001110010010
11011011010001100110000010010000
10111110101111001110110110001100
00101010100100100000010011110101
11011001101100010100010111101000
10111111101000101000110011110101
11011001101000100111011001111011
01010101010111011010100000101010
11011100100000101111010001101011
00101001010001001001111111100011
11010011100010100110000010101110
00111111011011110100010011001010
00110100110010001001001010000010
11000001101100111100000000110000
01010000101001110001100111110001
11010010101110011010111011111110
00101000000110100101001001011010
11000000101110100100001100010101
00111001100010000001100000110111
10110011000100010000011110010010
11000001000000011011100011101000
10100000111110011001011010110111
11010100100111001001111001111001
11001101101000010010101111010011
01010011111100100010100111110000
10100110110111101101010001101101
10111100100011101001110111101010
00101011011011100110110110110010
01001101001101000000100010101001
11011001011100100011110100101000
11010110011111111010011111011100
10110011001101001111110111010110
00110010010011111110011110001111
01000100000000100001100000011001
10100110111000011010011110111010
01001011111011100010010100110101
10100010101010000010001001111000
00101001110010010011100001110001
00111011101001111001110111001100
10101001110000111101010000011100
00100011110111001001011000010101
10111111111001111111011011101010
01010001010100001001101100110000
11001100001101100101110110110110
11010011001011011110111000001011
10100100001001011110011111110011
10101000111010000111011000110011
01000001110010101110011000110111
10111111111001101011100011001111
11010111011000001001110110100011
10100111000011110001101001010010
11011000001110010011110000011100
10110000100101011100101111101010
11001011100001000010001101110010
10100010100011101011001011011100
00100101100010010001001010100010
01000111000011100000101000101100
11000110101111010110110011000010
00100011010000100001110010001110
01010001100100100001100010001101
01010001001111010011101010110100
11000010000010001000001100000100
10111100101010000100110101000110
10101010101001111010100110101010
01010011000000000001100010010010
01000001101010111011000110111111
11000010110001000101000000110100
10110000000010011111000010001001
00110100100101000110000010011000
00100001111110011010110011000100
11000001010001101000100110100100
00101101011011100101100000011100
10101111110101000111100001101001
10110010101000000001011010010010
01010100101100111001011110010110
11011010011101100100000001010011
11000001110001110101000011100110
00111001101100101101100110110100
10100100000000101101001010010011
01010010100101000011101110001110
00100010010000010110001101111110
10111100110101100111011101010011
01010011010110110100010011010111
01000011000101101111010011111011
10101110101110010100111100101100
00100101100111011001001011011101
10100011000100111111010110001111
10111100110110101111110110101001
00110110001110000010101100011001
11000101000001001010001001101010
11011100001111110101010110101110
01010110100010111011100010101010
01000001100010100101011010111100
10110010001010011110010101000111
10110000101000000111101100110010
01000011100000001001000110100110
10110010111100000001010000011111
11001101101001101100110111111110
01001100111011110010110100101111
01011100100000100101111011110100
11000100111000010010001001010000
01000100111101110000011101010000
11011000000000011011011110100111
10100010001000001101110110000110
01000101011000010100000000010111
10100000111010110001111010011110
01000010000101010010000101000001
01010001000100010100100110011100
01001001010000101001001101110001
10110110001100111111000011011111
11001101001101101111001011100000
01000111011100111001011111101001
11000100011011010111010000010111
00100100101001011000110110000010
00111110111101101000101011001101
11010110001010101001100010010110
00111100100100010001011010110000
10101100110111110100010111100101
11010011100100000011011101001001
10110111110010000001001100110001
10110000111000100100011100100001
01001010011011110100000101000111
11011001010101100111100010111010
10101110010111100101011100010011
00101111000000000110101111110100
10110001000101000110101110110001
01011010000010010100100011100110
01001001001000101001111110100111
00101111101011101110011001001101
00101010101101110110111101000010
00100100101001000100101011111101
01000000101010010010101010100100
01001000000011011010000101110111
10110000010111010011111010100010
11011001111011101011100011000100
11000000010110110001101101010011
10100010001110101100011100011011
10101011010011110011101001011010
11010000000111101010100110010111
01001100101010011000000111100110
01010010011011000101001010111011
00101101101100100111011011000010
10100100110011010001010100010000
11001011000110111100010110100001
11001000010110011001110011100100
01001000000000010111010001001011
00100101100111100111100010110011
01011000101001110110101101111011
10100011001010101100110001101111
01011000111001001000011110010001
11001101000110111000100100111100
11000100000111100011100001100001
00100101101011011001100010011010
00111000000011100110011001111100
00111101101001011111111101100111
10110010101111111110101001110110
00100111000010000011110000100110
01000001111011000110100101101101
00110010001110111100111110001011
11011100011101111011011110111010
11001011111011010001110001100110
11000010100010100111110010111100
11001100011000100000101110001111
01001001001110001000101110110010
01001100101110010010100101110010
10101001001100101010001000101010
11001101010111000110010010000100
01000100101010101011010010100010
11010000000001000000111001010110
10110010010101101110101010001010
11001001010100011011100101000101
10111101110001111110110110110101
00110111001011001000101101111111
00111000011111001101101111101001
10100000100100001010100011011011
00101111100100011111000000110011
11001101010001111010000010111100
01001000000100010101110100101110
10100111000110000011000010111100
00110100100101000010011000000101
00100001011010101011101101101100
01011000111010110111000111000010
11010011111110010001100101001110
01000011111110111100111010100100
01000011100110110100011100011000
11001011100011101110111101000010
00111111100100101101111111000101
10101111110000111111110100001011
01010000011100011001111100011001
11010000011001100101101111010110
11011000100010010110010010000011
00111100111000001101110000100010
10110111111101111100011000110001
00100011100011100001110000010010
01001110001010010110011000011010
11000111011000001100011011001011
01010111010000111100010001000011
00100100101111001001111111111001
10111110100000010100010011001011
11010010100101011000011111100110
11010111000011010010000111101001
01010111111100100111110000101111
00110110001010010100110111011111
11001000001001110110100110001101
11011000010100100010001001000010
11011001100111110011000001111101
00100010101000110111110111000011
00110001110110110111010100110111
11001100100010001010000010110110
00100001001000001110110010101110
11001100111011111011101011001111
11000111101001110011100101000100
10101011100001101000101001110100
01010010010001010001010001001010
01001001101011110111100111001111
01000110000100111100011010100111
01010111000000101011001111100100
00111011100111001010010001001101
01000111001110010110101100101111
00111011111100100111110100101101
01010111110110010001011100101110
00101000011000010101001110111010
10111011011100110111001010010100
00101101101011110110010011000010
00101000100101111000010001110000
01000100101011010111110111100110
01000011011011100011101110110010
01010100000101110010111010010000
00101000010010100000101001101110
10111010111111011000001100111101
00101010011010101110111110101100
01010001100011111111001001111001
10111000100011100111110111111111
10101010010011000011111000110101
10100001101111100100001001101111
00101100000101101101111000001110
00101110111011101001101110010100
01010011101111010010001011100100
10110000001010101000001111111110
10111100110000000100011100111111
01000100001101001000110101100110
00110111011110100011110110010010
10100111101001011101101011110000
01010101110001010111111101100110
10110101001011001001011001111010
01000111000000101101111100101000
10110010000011101011101100101000
00111100000100000000001111100010
00110111001110010000000100110110
00100101101000011111000101011011
10100111010110111000010010111011
11000001011111100001101001101100
00101100100111100001010100110011
00100001100101111111111001110010
10111011110101000000111110100111
11010011011110110001011010001011
11001101011000111110110010111001
00111001011011001000111100100010
11000010001111000010111001011001
00101100010000110001010001010001
10110001001011000011101011101110
10101101100011011101110001111010
11001011101110100000010110110000
11000000010111011101110010000110
11001001101011110110110101010011
11000011100000000101111001101100
01011001000111111111000001100010
00101000111001010010101001000100
11011000101111001100100001011101
11011011000011010000111011000000
10101101111001101101111000001110
11001111000101111001110100110101
10100101101010101000110001110110
10100011000001100000000000011011
10111010100010100100110011111001
00100011101001100010111010100010
01000001110100010100010011000001
10111000101010011001000010001001
10100100110100000011111101001000
11000001111100010111101011000001
11010001100110000000000010011001
11010000001011010010110101001110
10110110000100101010111010101100
00101101010010001101111001010001
10111010000010110100100110110110
01000111100000000111110110000100
01011010000111111011100111010101
11010001100000100111000111011111
11001101001101100110111110000001
10101101010101001010011010101011
10111010111100101001111010110101
10111011001110001000101110110001
01011011001000110101111110100100
11000100000000011111100001011110
10111100111000101110011011100100
10101001111101111011001101000111
10110010010001101111011000010001
00101010001010011011010011101011
01001000101000001011100111110100
11001001100011111001111111111100
00111111000001100100010111010011
01001010010000100010011000100101
10101011000100010001111010110100
01000000010011001111011001111101
00110111110101110001010100010000
10100010110010110100100010100001
11001111100000100100110011101011
10101110101111001011101100001101
01001110001111100000110011100011
00111111100110101111110101010011
01000010011011110010100111111110
00101111101011100100011011010111
11000010110010100010101110000000
01010101110111010001001111000000
01010010101010110110000100001100
10111111100011111010110111100111
10101111000110101111110011111011
00110101110001111100101100011100
01000001001011111000111001010001
10110001000101100011100010010100
11000011011100011010011000001111
00101100100100111111101000111101
11010011100100111001101001001011
10101010110100010100011111101111
11001001101010111011000101001010
11001000001001001100001001011011
11001010100101000011111001001001
01000010101110100011001101000000
01000000100111001110100001001001
01000011000010100110110110001111
01000000111001001111011110100101
01010100000000100011010001000111
11001100100101001001111010111101
11000111000011111010010111010000
10100101100100010010111111001111
00111111010011001010001111110011
10110101111001101111101010110010
11001101111111100110101010100101
11000110011001101100011110000000
10111011011001010100110110100000
10101011000001111110101011110000
10101011001011100110111111101100
00101010000110100010011000110010
11011000111011110001111010100001
10110000010000010100011000011111
11000001000001011111110111111111
10101011110101101001110100101000
00111000111011011101110001101100
01010110111011001000010100100000
00111111000011001001011100011100
01001101000101101011100110101101
11001011001111100101111100010001
00100111100011001111011111111001
01000000011011010110000001011100
11000011000110000100101101011101
10111101001110000110010111101011
00101011000010101110100100101101
11011000000100010110111001001110
01001110010010100100000101111100
10100010001101100111011111000001
10101010000001000001100010010100
01010110011110100000111100110101
01010101001000010000011100011110
00111011010111011111010101100100
01001000101010101111010100011010
00110110111001010110011110001011
10100101001110000011010101111110
11010101111111100000011000111001
00110001111000001000101110111111
00101110100110100001111001111000
00110111100001101010111110011000
01010011100110111000001000110000
10100001111001010010001100011010
00110001110111110011010101100101
01001011001010011010111110000001
10100011101011110011101000011100
10111011111101010101100100110000
01011011111001011001011001010000
00101111010010010011110111001001
00110100000001111010010010000100
11001000001011011100101000110110
00101101101000100101100001110100
00101000011000010111001100110000
11001001101101010011111110000101
10110010000010100001011010101010
11010001110011010011001011111110
01000101001001011011001010100111
11001110110000101001101011101011
10100010111100101000000100110111
10100101011001111100110000011110
01010001010001010111000110111100
11001001100000011010100100110011
11010001100000110111111101100111
00110111110101010001011100111111
01010111100011001101000110111011
01001111001010101100111001110000
10111010111100010011100100011111
10101011000010110001000100110100
01001001001111001110101100111110
10100100100111100110100010000001
00111011111001011001100101000000
10111000001101011111111111101001
10100100010100110001000100001110
01011100111001111000011001110110
10111000011001001010111011110111
01010010100011100010011111010001
11011001100110110011110010110101
11000011011000000110110101111011
11001110111100101000011011010000
01001011111111010000101010001010
10101111110010100101001011111100
01001101001111000100100111000110
00111000011001010110110001101100
11010000100011100101100000100101
10101110100110010010110110000101
11001000100000111001110111000010
10100011111011000101011100100101
10101111101110001111011110110100
01010010110000001101100111010111
00111111110100110110101110101011
10101110110001100101101101000110
11000111111000110010111000101011
10100001100110001011100111000010
10111001110010110011100100000111
01001100000100111010011100110010
01010100001101111101111001011100
10110111100011000011001010101010
00101100011100010110111111001001
00101000110000100000101010010100
11000100100011001101011101100111
01001001011101100101011011000101
00100010111111101100100111101100
00101001001011000011000011101110
10100110100101111000101000100111
01010001001000100111101111011001
00101010001100101010111001111100
01010110100110000111111100101000
01010100010010111111101001010010
10100011110001011110010101000100
11000100101111000110011001001000
01001000011000101001101101100100
10111101000011101111001101111001
00101001110000011111100101111000
11001100100110101010110101101100
01010001100110101001001100110100
11010011000110100010101000100011
01010000000011011000100010000000
01010010100101100100011101101100
01000001000110101110111010110001
00111110110101111110111011110101
10110111111101010010110111000100
10110000000001111101010001001010
01010010000100110111000001011101
01001010101100001010110110101001
00100100110011101000010001110111
11011010101101111010010100111000
11000010010101001000000110000000
01010111101101110011000101101110
01000100101000100101011111100000
10101010000001001101111100101011
00110100011011100111011010010111
00111001000011010011001100100011
10101011100010010011110000011110
00101111110011110101010110111101
00111111100100110111001101111110
11010000010011011001001110000001
10101010000101011000011110001001
01000110011110100101000001001010
10110100110111110111011110101111
00111000110100111011010110110110
01010010000011010010110001100001
10111111001000111100111111111100
01000001111000110001001100010100
01000000110000100010001000101101
11001000100011111100111111000111
01001101010000110111001001100001
11010110001010001110100000011010
10100101001001010011100010000001
11000010110001110111111011010111
01000101001001111110010100001010
10101010010110100000100101101110
10110100101001100110001100011101
10111100100011110110010100110001
00101100111110100110001010011100
11000110001011101101001001010100
11001111000000111111100111111011
00111100101110001100111101100110
10111101010101010111100011011011
01001101100010000100111100111111
10111000110100000110111011111100
10100101010010000001101100010111
11010110110001111001100001100011
11010100100010011011010001011110
00110100110011001110001001010010
11011010110101101000100010011101
00111100100011010010001001011111
11000000000110110101010101010000
10111110111101110000001010110111
10100001000001111000111100110011
11010101000110011111010010101101
00101000010101110101011011001101
00110010101101101001100111100011
11011010001100000110011110100010
10100101101111011010110000000101
00101011111111110011111010011001
11011000111110011000101011100001
01010001011111101000111010010010
11001011101010011110010000100011
10101001010011110111010110110010
10111011011110010010000010001110
10101011001010010001001100110011
00111000110100011010101110111010
01000000000101011001011000010001
01001110101001011101110001011100
00111100010001000000001111101010
10110111000001001010000010000001
00100111000000110111111100001010
10111011001000010101010100001010
10101010100110110101100000011000
11010100010111011001110101010001
01011010101010110100110110011000
10100010111010111011000101011101
11011000110001110011001001000101
10111100101010000010000000010010
11001001111100011001111110101001
10110011000110111000100110001011
00111011011111001101001100110010
00101100001111000011000000111011
11010101011111000111110011010101
00110110111010010100100111111000
00100001011110010000000010011111
10101011000010110101001111111011
10111001001010010001111000011111
01010100000110110000011110110011
11000011010011111011001110111001
00110011011101010011101011110101
11011010100010001110000111111101
00110101010000101011111110010001
01000111101010100110011010111010
01010011000111010000011011111111
11000011010000101101111001000101
00111001001000010100100110010101
11010010101001011010111011010110
01010010011010000001110101001110
00100100000111010111011100110001
01010011110010111111010111000000
11000111100001101110101001111111
01010001101110011110011111000011
11011000100110011011111001101001
11001000000010101011110001011110
00111001010101000110100101111100
11000110101110111101010101001111
11001111010001001110101011011001
01000010100000110100001111010011
00110000001010101101110101011111
00100100101110100100001110110110
11010111001101000011001001011111
11010000011111100001001000011010
11001000111011011110000001100111
00101100000100110001010000100110
00110101100010011101100100110011
01001111000001010110110111000110
10101000001001000011001001100011
10110011010010110111010010100001
00111010000110001110111110010100
00101011000100101100000010001110
00110010001011011001010011101011
01010000111110100011111100000000
01000000001111100000011010100101
11010000011111010010000101000111
10100001111001001110010001100110
00101000000000001011110001111010
01010001100101001010111101100111
01000101110101100111010110110010
11010100100000001110000101101011
01010111010011011011000010000001
01001111000100010010100010110111
00100100000011001010001010111101
00100101000101010001011110011111
10110001001010010101010100001100
00100110111011011110111111100110
00111110100100111111100101111011
00111001100011011010101011001000
01001110110000000000001010011011
10100101010101001010010001100101
10101111000111011100110101011110
10110100000110100111010111001001
10111110101001111101010110010101
10101000000000111010110111010010
10101100100001100011010101111011
10111000001010000111100000001110
10110001010110101111010100001000
01010011010110010001011010000111
00111100011111111110010101101110
00100111101011100100010110011101
10100110011011101110010011100111
01001011101101110011111000110100
10111000101111001101111011111111
10111001101100011111110000011011
10110101100111101011001111001111
11010100010111010101000010001110
10101101010111101101100110110111
01010001100000000001000011001101
01011011100001110100011110111111
10110101111110110101100011110111
01001111110011101110100000010010
01001000010100000001101000111110
10101010100111110100010101011100
01000011111011111000011000011011
11001001100000110010011100001001
00111111010011100110001001011011
00111110010001101101001101111100
11001110000001001111100011111001
01001110101011010111110100001100
00100011101001100010110000111001
00101010000001111110101101101011
11010011100001010110010110100101
11011001100010010101001001011101
11010101101111111010001111111011
00111101111100101101010001100111
11001100101100000100111000110111
10101110100101101101000001011011
10100110110011011100001001110101
10111110000101011000000100111111
11001001011010010010011010010101
01010010001101000111000100111001
10101001001000111001000100111000
01010100010101100001010010110000
11001001000101001000111000110010
10111111010011100100110011100111
11011011000000001011111100010100
01000011010001101101000011000000
00110101100000011110111100011100
11011011010100000001000011010111
01000010000011111101001010011101
00100001101000101111011111101001
00110111100000001010000111100011
00101011010101110110001010010000
10101001001101111101101011001101
10110000011110110010001010110000
11010111000011011000011101111000
01010101100010110011001001110010
00111000001111100100011100011110
10110101100001010001111001100101
00100011101000111111100010011100
01001000101111110110011010000111
10111010000100011010110101011111
11010001000100111111100001011001
11011011101010101110110000011110
00100101010101110010010011110111
00100111111011111101110110100010
00101101111001100011001001010010
11000001100010101111001001111110
10110011101000111000101010110111
10101110010010101010011100110011
01000000010001111001011011010001
10111011001010111111100100010010
01000010100101111011110011100011
01010000110000100100100001011001
01010100101100010111010101001110
00111011100000101000000000110010
01011001101101001111110110101110
11011001000000100101101101111110
00111000010010011000111001100001
10110010011000110110000011000001
00101000100010110100111101110111
00110111101000010110011110000011
00101111100101010000001011101000
00100110000011101000000011011110
10100111100001100100100001111000
00101001101100100110001101101111
01001111011101100000010111001110
11010111100001101101011100101011
01001110100001101001110001101110
10101100010100111010010100011001
01001110111011110101001011100011
11000110011100011000111100101000
01001001111100101110111110011100
00111110011011001110101010111000
01001011100110111101100101000101
11001000101000110111101011001100
10111111110101011101010010011101
00110000011110111111110000001101
10101000101011111100000100010000
00100011011010100010100011000000
00101001100001000010111111000101
10110001000110001011001011111000
01000101001000001000011111111100
00110110100000101100111111010000
00111010100100110000010110001001
11010011010000111011101111001000
10110011100101011010000110011011
01000000001011100111011011101101
11011000010101001000011100101000
00111011000010111110100110010111
11010100000110111111111110001001
11010000110101111100000100110000
00110000101001011101001101001001
00110010101101011000101101011100
11000100100111101010101101010011
01000011100111011100111111011000
11000001000100001100001010110010
00100101010000000000010001101001
01001001001101111101111110111100
00110110110001101111111110011011
11011010100111111001111000011101
10100101000110010011110100010100
00100111001011011110011000101001
00110010001000110001101100001000
00111001000001011000111010001011
00101101110111000001110010110110
11011001011110011111100111001110
01000110101000011001111011111010
00100011001011010011010110100111
10101000011011101000110111110100
01010001011001111110110010110110
10110111011101111101100011101100
00111000011110100000011111010111
10111010001100010110010001100001
11010010100101010001000101000111
00110111010101011111101110001101
00110010010110010110110010011101
01010100101110010100111000011111
10100111101011100011111001101101
00100110101101011001001110010000
10101110101010110011111100010101
01001101101111100011110111000110
11001100100011000011101100110100
10100001100001001100001011110010
11010101011001100000011001001011
01000111010010110011111011010101
10101011001100111011001011100110
11010001100001110100100110110110
11001101110001001000000100100010
01011010110010100111000100101011
01000000110111001101111010100110
10111110010011010000011000010111
10100011110010101001001100000111
01011101000011110011000101101001
11001110010111100111010111110011
00100100000000010010101110110110
10101001100011000100000111110100
00100100111100000111011101101000
10110000011000110111111100110100
01010101101001111000111111100001
10110011110100000110010010100010
10110111100000100010000101001111
11000111010110110100110010011010
00101111011001101111010001111111
11010010010011000011000010110000
10100010001000101010011000100000
01011010100110110101111111001001
01000001100110011110101010010001
00110010100001110101011110110000
00101111110111010100010110000010
00110111010100011100010010110000
01001000000101001010111100111101
11000100000101100100011001011000
01010000100000101100110101001100
10101110111000101011000101010010
11011001100000011110101000100100
11010010000011000000000001001001
00100101001000010011110000110110
11001010111111011111111000111101
11011000101101100000110001111000
10100001100101111100111100111101
10100101001000111100000010110101
10111111100110011110000100111101
10111001101100001010011101000100
10111000100011100111101010000110
00110101100111001000001001000001
11000100100010101101001101111010
11010111000010100011011111010100
11010011111100001010001101010101
11011010000000011010011010100001
01000000001111000010101010010001
01001101001100000100010001011100
11000110101001001001101100011001
11011001101101111000111000001010
01010100110010111011010100100010
10100111000100001000001010110011
00100111010001011100001101101101
01011100010001111011010011101111
01000000011000111101000110011001
01000111000011100111110100101100
00110110001010100010101111010101
00100101100111110001101110101111
01001100101010110110101101101111
10111100010001011110101000000001
00101011001011101001101010000101
11010010000001111011010011000011
10100010000100100110011111100101
10101101110011111011001011100110
01000011000100110000011011111111
00110001110100000010110001110111
10101001100000000110001101100011
00101101100010001000010100010011
01011011101111000011010010000010
10110010000101110101000110001000
11000010000110001011011011011100
00110000001011111000111100001100
01000000000001100010100110011000
01010001110000111001010100111011
10110101010111001100111010110001
11001000001011110101010010010011
00101100111111011000100110100101
11010000010011001000100001010100
00110110000011111101100110000110
11000111110110011111001011000001
00101000100001111111011100111100
01001111101100100101011000011001
00110001100010011011000110011001
10101010001111111000010101111101
00100111000111110101010111000010
00111110101000000010111100011010
10100011100100010100111010011010
10100111000111000101011100100111
01000001001001010100010011110000
10110000111111100111001010100010
11011001000110001000100011101101
10101110100010010100001111000100
10100111110000011010010110010010
11010000100011111100111100011011
00101011000000101010111111110011
10100001100101001101110000110111
10100011001011000110001110111001
00101000000010110110000000011011
10110000100110011100110000100100
10110101000100001100110100110000
00111111110101011101011001100010
00110011100010101101000110000010
10110110001000000011110111010011
10111110111100111001111001101110
11001011111100110011100001101100
10100101100110000010001101000100
11010100101001101000101111101111
11011011000110001011011010010001
01000001001101011000101101001101
00110001000101011110001110101011
10100011000101011101111000000110
11000010100101000111100011001001
10111011010111001110010000111100
10101111010001110011001110011011
10101111010001011100101000011110
10110000010100001110101010011110
01000100000000101110011000011101
11000010100011101101001101101000
11001111011011010010001001111011
11001010011010011110000001011100
11000010101001001110110000000111
11001110010101010110001100110001
11010000110001011110000010101001
01010100100000001000100110010111
00110011100100011011111011111100
00111011011010000111100010100010
00100001000001001000000101010100
01001111101010011111100101101110
00110111001000101101010010111100
10110001000101110110100000111000
10111000100100100101101110110010
10110111100000110110101001100000
00111101111011110101110000010100
00100100101000101011110101010000
11000110101101011110111110110110
11010011001010100010011000001011
00101000000110111010000110011110
01000000101001110111100000101111
00100011001100010001110100000110
10110100001111010101101110101110
10111000110010000011101000110111
00111110011010000011101111101110
11001100101100000001111100011110
11010000010111101111000100000010
00101101000110000011010010101000
00100000111011101101110100000101
11010110001100110010010011101101
10100110101111011000110011111101
10101110001000110110101010111011
10101111111100010101011100100101
11010110011101001010001001100000
11001010011011101100010001001111
01010110111001000111101101001101
01001011100101001011000111000001
00110110111010101011101011010110
01000000100011001000111110111000
10111010100110101110000100111111
10111010000010111110011000000100
11011101001101100011111111100111
10101000101010000011110111111011
11000011111110000010011001011101
11000100001101000001101010101010
10101011100001100110110010011111
11000111000010000001100111101100
00101011001010110000110000101101
11000100100001110010001111111110
11001001010011110100110000100010
00100010001001000101011100101111
00101101001001010111101111101001
00100101100000000101000010000000
10100100100011101100011011111101
01001001001001100001111010111100
10101100001100111000101010110001
11001100111001111010000100000000
01011010011100010010001001001110
01001100011110111100000110000001
10111000011111110001111100110000
01010100101000110101010111001101
11010110011000110101100010100010
00111011110100010001011000101010
10111100001000111100001010011101
01010111011111000111010001001010
00111110000001101010000100111010
01000110000000011011010101101110
01011010011011011111001010000001
10110100100001010011110101111111
00100010111111011010111111010111
01010010001111111110011010010000
10111011110011100110110110000011
00101101011100011100010010111010
11000101001010001011111000001000
01001110110001001100011010010111
01001000001101010111100100011001
01001000001110101100000010110011
00111011100110011110110010101011
11000011000110110011100001110110
11010001101101110011010110111111
01011001000101001100010011101010
11010010000110111001000101010110
00101000100100101100110010101100
01010000101011111011110011010101
00110010000000000100110010111010
10111000001101100100011110111101
10111010110001000110101111111100
10101100110010010110010011011101
01000011000110101010010011101101
10100000001011111011110001000100
00111111111101010001011110101110
00101000100000101101111100100001
00111110110100110110000010101100
01001100010101110101110001011101
01001100011010000101010000111100
11000110010111011101011001011001
00111110111100110001011100001010
11010100111000110000110100110100
01000101100100001101101001010011
00101000010110010010111001000000
00101100101011110101101101100110
11010011110010100011011101000000
01010000000010001100110101100000
01010011100000101101111111111111
01011010111110100001000111000001
00111010011001110101010111010010
11001000001101011011000011000010
10111101100010000101011000010110
10111001100001111000110010100010
10101110101100100011100010101000
01000101110001001101110001111101
11000110100110111001101111111011
00111110000100110001100101110001
00101010101011010100111100011000
11011000101111010000111101010100
11010111101111101110100110000111
01001010011011100010010001000110
00101111000010110101010000010001
11010010110011100010101000000100
10101001110111100000110111101100
01010100000111000111011000111100
11011100001101100101111001111000
10110010000000011001100111001101
00100111100100100111100111010001
01001011000000111111110011101001
11001011110110110011100111001011
00101001001011001111011101100001
11010011100100010110110011000100
10110010101111000100001110101010
01010101011110100111101101000110
00101000010001011100010110010000
01000100101111100100010111110101
10100011000101000001000110110000
10100010011000100100001001111000
01010110100010111111010101111000
01001101010101111010000111111101
01001000001110010010101100110100
01010001011010110110111111111000
11000100110110010011010100001110
00101100000101101010010101110101
00110011101111101101000011011000
11001101100100011101000001101001
01011000010110000101111010111000
11010010101001111000110110011010
00101111111110001011100111010011
11010001101100101111111111100110
01001010011110100001000011101110
01011000011011011100111111101100
01010011100101001111001010001010
01001100111110101110001011110110
10100100000011111100101000000100
11000000001101110100101000000111
11000011100001000011010000001010
00100110000111111111100011110010
00101110100101101001010111101001
01001011111101000011100011011010
10111100100010110001111111111010
10100111001011011110111100110100
01010100000000001011010110011100
01011010100100000110100100011110
00100111010011101100111111011010
11001100000000111000111011011100
01001001010010101110011010010101
00100100101010100101110001110000
01010101101111101001010001000000
00111001110010100000101111010111
00110110010100101000111011110101
10110010111100101101000110100110
00100110100000011010001000100111
10111010011011000011110011001100
00100110001011011100011001011111
11010100101011011000110100010000
00111000110010001100010011001001
01010010001101010100100100000010
00110000111010001000101011010001
10100010111001011101101011001000
00100011001001011001101100110110
00011111000010011100101011111100
01000011000001101111100110011011
11001101101011110100101010001011
01010011101000100111011110101101
10101010001011110101100111110000
10101101001010000001111101011111
01010000111000100100001001101010
00100111100100111011110001000111
10100000111100000110010011010111
01000110000100001111111100011110
00110111111101101111000000111111
01001010110011011100000000101001
10101100011010111110111000100010
10110110100011011101000100101100
11001110010000011000100100111000
00100011001001101000011000011011
11000110010101011010010010101111
10110001001101110111001100101110
10100001110101101101001100101010
10100101101101001101011110011000
00101101011100010100100110000010
01000010010100001010100000011110
11011100000001011100000100001111
11001011101100000001111011001011
00111101110111111001000101101100
01010100011101000001011011000000
11001100100010011001000110111000
00110011000000010110100101100111
01010011111011011000111110101011
10111000000100100110011011100110
10110110001110101100101111001010
01010011001010000100110000111111
00100011000001001001001100001011
11000000101010111100110110011000
10110110110101001010011100010111
00111111000100100101100011111111
11000100001111000110100111010001
01000000000110100111000000101001
00111000011100101111010100010101
10111101111000010010000000100000
00111011110101110010011000100000
00111101100000001001111000110001
11010011001000110110111111001100
01011011000100110100110101011101
10110010101010110001101010111110
00100100001001011010101000001110
01001111011101000101101010010101
11011000110000011000110111111000
01000001011000000010110111010110
11011100101110011100110011001110
10100101100100000000111110100101
10100010001010011010001010100001
00111010010010001101011111000100
11011010100011000111101100110001
00101010000110101000011110010101
01000110111010101011101100100111
10110111111110010001010011110110
00111011011101110100110000011000
01001001100000001110111000111011
10110010111000010011101000000101
00100110110110001101010101011111
01010011011100101101000110111110
11011000100000100000000001111000
00100010000011110010000001000111
01001000001000001110111000100110
11001100010001010101010000001110
01011000111010100111000000010000
01011100010100010101111111011111
11000110110010110110011011000100
10111111000100001000000011001100
11011001010011101011011000011100
00111110110111101101101001010111
01001100011010010110010111001100
11000011000011111110010100000010
00100100000101011110101110111010
11001010101100000110000010010010
10101110000110101000001110110101
01001110000010110010000111100100
11001111010101000010100011000110
10100100001111110111101011001011
01011000111100111101100100011100
01000110101100101101100001101101
00111010010100110010100010111000
01010111111100101011000000110001
11000010110110010010110101011100
11010111100011010110100010110001
00110000101101000101010110011011
11011000111110000001001100000000
10110000000010101001100001010000
00111110011001100110000011101101
10110001000010000010100010100010
00101010111110101110110000010010
01000101101110010010101100100101
10111011011100011011010101111000
10111011111100000110010000101011
10101011110011111001101010101110
10110111010010011101100001110011
01000011101011011010000101100010
10101100101000101011101000111011
00101100101010001101010000010100
10101101110101001110111000110110
11001000010111011100100010000000
11010101011100010011010110100110
00100000111110110000100100001101
10111100110110111000000101000010
11001001000111100100011001110010
10101101000001111001011000110010
01000101111101101000001010110100
10100010100011101011110011101001
01010100000000101111001001100110
11011011110010111011010010110001
01011100000011100101010010000101
11011001100111001001000001001110
01011010001011011011100110100001
00101011110000000000101100101011
10101101001111101110001000101101
01001111111100001011011011010111
11001000100011001101001100100101
00110001101101101110010010101000
10110010111111010011011100011011
01011011101010010010000111111010
01010001001111100001001111100010
11010000011110101000010000010001
00101101000101000111011001001110
11011100100000001110010000011000
01010011001000010101000100110100
01001011001010100001000101110011
10100010110100111101011101110011
11001011001001110010110101100011
10100101101110001100000001110101
01000100100010000011111111000001
01000101100111011001110111100011
00100100001010111001011110010010
01010110000101111010100100010011
11010100010101011111010101111010
10101111000101110100111011111001
00100101100110010111100101001100
11010000110010101010110001001001
11000010100011011000001011011100
01011100000111100100001110010000
11001111001001101100100011101011
00101001011101100111000010000010
11010010010000100010010100011100
11010010110001101110111110111001
00101110001101100010110010111010
01010110010111000111111010100001
01000001100101100011111000000111
11010111001101101010010100010001
10110010000110000110011100011110
01010101100000011000100011101100
10101010000111000100000000101010
01000110111001110101101100001010
00110100001001101001100100010001
01010000111000101011100101111100
00111001110101011100010001111111
01010001010001001110001110111011
01001100110110111010101111100111
10111010110101001101111111101101
00101101110110110011010111111011
00110110110101010100010101001010
01000100000110001010000101001101
01001111000000111100001100110000
10110010010000011000110000011111
10100011111010011110011001111111
10101010001001001101110011110110
01010010001110000110010100101111
10110001001011001010010000110111
01000111101010000111101010011110
11000111110101001000000001101011
00111110000011100111001000011011
01000000000000000010001101100101
00110100010011110001111100100101
11011010010101111010010101101010
01011100011000100000101101011101
01000010101100100001000000111010
10101110010010110110011111101101
11010111100000000011010110111001
10110100100001100001001011110110
10111100010000111100000011111000
11001010010010001100010110011010
10101110011010000110011001001001
01001001000101101010111110100000
11010101111101011010001010100101
11010110110110111000000011100101
11001001100110001001001101100110
10100001100000000000011100100111
00100010001110101011111111110010
11000011001000111001101000101100
01011001011100001110011101111010
00101011110010001000000111001101
00111111100001010111000000001101
10110011001011010011111101101100
00101101100000010101110011001000
10100111010100100111000000101111
00110011001000010110000011100110
00110010101100101101111010001001
00111000100001010100110100100011
10100101101111110001101110001000
10101110110001100111010001011010
01011010011101011111011100010011
10101110110101011110110110100011
01010010010010011010001100100110
00100110100001010010000101100100
00111110101111001011001101111010
01001101001011101111101111000000
01011100100001110110011011010101
10110011111110011110111010100010
10100001010100111001100101110000
01001111110011101010111110101101
00111001000110000001001101100110
11001110001101010011001111111010
11010011001000011001110110110000
10100001000010000011101000101101
10100100001010101110100011111101
01001111010110000111100011110110
11010111111110011100100011111100
00110101100111110000010001111101
01000010011010100000011001111010
01010101000100110011010001000101
11010010100110110101110100110010
01001010001110001000101011111000
01001011010111110000000011001000
00100101011011110011011101101101
01000000000100111111110000010001
01000011001101000110110101111011
01010100110000110101010000011001
01010101001101111101110001001001
11001110010110011001001101001010
10100110011101010101111111111110
10100111100000100001010110001110
01001111111110110111101111000000
00100110101011010111011000101011
01001111001000100100111101010000
01000011010011110110001110110000
11010101011011001101000110111100
10100100100111101101000000001111
10100110010011001000110011111010
00101001001000010101110100010000
10110101110100011110100110100010
11010010000101111101010000100100
11001100000101100010001111011111
00101010100111000001011101111101
00100001100111100001011111110000
11001000001010111010100111001000
00101111000111111000011100101100
10100111010100110000001100010110
00101100000110100000011011110100
11001101010011111100100100110010
11001101101101100010000011001100
00111110111110110100011000000000
10101100100010001000010101001100
11001010001010001101010001111110
01001111111111011011110111001000
01000110001110000011110001001000
00111001100110101101100001110011
10100001110011011011100100001100
11011010101110101000011100101011
11000001010101000110000101011111
11001000001101010000001101010001
01010110101000100101001100001100
00111011100111111010111010111110
10101001001100101001101010110110
00100101010111100001001001101011
01010101011000010100100111100011
11011010001000010001111101011011
10101000100111111011110101001111
01000111100010010100100001011101
01001110010100100101001111010111
00111001000100111010001001111010
10101110101011010000111101000101
10101100011101000000010010110111
00101001100100001100011100100111
01000001000101100111101110111010
11000101011111001111010000010110
10101010110000010100100010001010
11010010101010000000101100100010
01000111001100111101100111110000
11010100010011110100001001110010
11001011001011100110111111001110
01000110000010011011110101000001
01010000111000000111001101111100
00100011101100111100011000110110
00111100000011010011110010100001
01001001000000101011100000000001
01010010000010100011001011111001
11010000001000101001110101111101
10110100000100011001010110111011
01011000101100111011100001111011
10111010100100000011000010011000
10110100000101001110100010101011
10111100011100100111011000001101
00111000010101101000000100100110
11010100100011000111000000000000
01000101101100101011100000001100
01011100101010010010000010001101
01001101111000101110010011101011
11010011000110110000011011011000
00111101000110000011000000111100
11000010001111110001011010100010
10101010010010100110100111101011
10111111100011101000100010001101
00101011100110001110111101000011
00101100100111011101101000110000
10111010100010010101100101010001
00111011100111111001101111110001
10110110010100110011101110011101
00111010100101111000101110110100
00100011000110000010000001000100
10110001111010001010110010100001
10101001001101000101101011000010
10100000000101001101100101011011
01001101100110101001100111000111
11000011011100000110000010001000
11001011100000011110110010100111
01001011010111001000010011101111
10111000100110000111110001100101
01011000100110011010100000111011
00101100101010000101000011111100
11011001111110110100010111000111
00111101111010001001100000001011
00111000101011111111010100100101
00110101000100110101000010100010
11001010100000111100001010111110
10100101001011011110010001110111
11010100110000010011101100111100
01001001101101100100111001011011
00110111111001111011111001101100
00111111011001111100001100010000
10100111001100111100110001010101
00111010001110001101100011101111
00111111011000011010101101010110
11010001011000001110010101001011
01001111101010000101100011110011
01000100000000110000000010011111
01011000001001000111000100110111
01010101000010110110110101100001
01001111111001000110000010001111
00111111001100100110001001000001
00101010010001111111010001000101
10111100110010001110001100010011
11010011110111100010011111010000
11010010101100101101101110000000
00100101010001000100001101101011
01010111100010011111001011011010
00101111110000000100100101100100
00110001110001111000101000101100
11000101110000100000000011111000
01000000111011010100010000110101
10111100110111011110010111011010
10111010010101001001100101100010
11000111000001111101001000111010
10101001110001100101011100000111
10101001100110000001001010110000
10100101000001101000010110100001
00101101000101101010011010101110
01011001001011110100010111001110
10101000001001100000100111001010
10110110101011000110100111001101
11010011110101101000000011010000
01001001010000000001000011001011
01001000101111101000100100001011
00111000011110111000001011100001
01000010111101000001001010101101
10110001101111000011010101010000
00111111100110100101100111101001
00110110011001111011100000000110
01010110110000100000101111110110
00101011111100010000000111010110
10111001000011101110001000110010
11010000001000000100100111011101
00100010100100001110000010110110
10111000010000010010000001110001
01010101111000001011010111011101
00111111110011101111110110000010
11000010101101000111011000101101
11001100010011110011101100001000
01010111000101010100001010110100
00110010011010100110100001110000
01001000101010010000110001100010
00110011001101011000101100011110
10110010111001000011011001100010
11000111000011110110111001100100
11010101101000110000111011001100
11010101000110100100001100110101
01000111011101011010101111110001
11011010001100111010000101010001
00110110010101000010010010000001
10100011000111011111111001111100
10100101101010110110111011010011
01000110101000000001100110100100
11010011001010111100111100000111
10100100010000101010111101011000
11000000011100100010110010010101
10111100110101111011001110100000
11011010010110111010001001001001
10101111100100111010011101001001
10101111100000011111011110111000
10101100100011101001101101100011
10110110101010010001110000110011
10111101100010010010111101111111
00101011000011001110100101111011
00100001110111110011001101110100
10111011100110100101111010001110
01000101110111110111111100100110
00111101100000110110011101011001
01000111100100111001100011011100
11000001111000000110111011011001
01011010011011001011011110101101
01011010011011101011000110011001
01001101100011101101001000011000
01000110010111011010110100100010
01001001101000001101111000100110
11011000110100110010010110101000
11001001101111110111011000111001
00111001110011011100011011110010
01011001101110111100100010100011
01010101110000010011111111000101
01001001001100010101101110110001
01001111110011100111001101001100
11011100000110010111011000000010
01001100100111101100100001101001
00110011111110111111010000011111
01010110101101010011101100100101
11001000011010011001101011100010
01000001011010011010111101010100
10101100001000011111111110011010
01001011011100001001101000111111
11011001010010010100101000100011
01000101100111110110001100110001
11000011111110000011000101110000
00111011001010010111011110001000
00101110100100001011011001001010
10100101000001001001101000000011
10110100100110110110110000101011
01000111000111001101110100000101
00101111011100101110100110100000
10100101001010011010100001111101
00100010010100110011101110100010
01010001111111001010011011010010
01001100010110011010101100000000
10110110111111000111100001101100
01010110010100000010110001011001
11011000101000100111110010110001
11000000011000011100101100111101
11000110101000001011001010100100
10101011100010011010000000011100
11010000011001101100010001111110
00101101100101010011110010010010
00101000101110111011000001010101
11001100011110100110010100000010
11001100100110001101101000001010
10111011100000110010101001011001
11010110101011101111011111010111
01001001100010001100010010100101
10110111101000110000110010110001
00111110000011011101110011100001
10111001110110000000000001110100
01010011000001011000001101010011
01001001001110011100010101011111
00111100001101000101111001110111
10101111000000011100000001111100
01011000000111100100000111010101
01001010010010001000010101110010
01010100000001010010011111100011
01010010000110011001111111010000
00110010000111000111101111001001
11001101101111100001011101011010
01000101010011011010010010111010
01011000110000000001011111101011
10110110000100101101110010010100
00111011101000110101101111100001
10111110110010111110110101111010
00111101110010101010110111100001
11001001011101110100001010000111
11010111101000011111010111101101
11010110000110111110101011000100
11010100000110010011010100010000
00111100100100001010010011000000
01001100000110001101010000001011
00100000110101000101111010110011
10111001111110110000111100001000
10110110000000010100110001011011
00111100000000010110010000100111
01001001101111010010111011011010
10101100100100100111011111101000
00111111110010001100000101101111
10110101111000100101110001111010
00110010010100101010100000011010
11000000100011101110001110000100
10101011001111001101010000000011
10111000101010100001110100001100
10100010001111000111111100011000
11001101110101000000101110101111
10110000111010100111001111101001
10101010110111010100010101001110
00111110101111010100011000010001
11001001001000100111011110100000
10100100100000110010111111100011
00101101001110001100110010010001
00111101100010110001000000010000
01001110110011100011111111101100
01011011101100101100010010101110
10111001101001001011101101110111
00101100101111000011010101011010
11000110111011011001110011110001
00110110001000111011100101111001
10111011001001011100110110100111
01000000000000000111011111111110
01001000010111011000011001011011
11000100100100011000010110001001
11000111011011011111001010111010
00101101000100000001111000000111
11011010110101100101111101010010
01000001101000111110100011101011
00101101101001100100101100011001
00111011110100000010001010001010
01001011100110111011100100101111
11000110100011010010110011010110
01010001001000100001101011001011
11001111110100010111111001111001
10101100000111001110001101110100
11010001100111011001001100010110
11011011100111001101100000101110
10101111111101111111001010101000
11011001110111010011110010100101
11000010011001111010000010001110
10100010101000111101110100101001
11011100100101101000011110100111
10100110101000000011100001000011
11000111111000100010101010110000
10101100001110101001011100011100
11001101010010111011101011011110
10110110111100100101101000001100
10110011010110111101010110011001
10110010111011001100110001100110
00110111100100000001010000011101
01001111110010000111110101001100
00100000100001110100110110001000
01000110111001111111011001000011
10101001000010100011011001111001
01010101100001101110001010110101
01000100101000011000110101111011
01000110100000100100100110001110
00111101110001011010010110101101
10101100000001110100110010001001
10110011000001001000011110100101
01010100001000011001111101000010
10110111001100100011100111011011
10101111010100111011111101000101
10110000101101101010101010100110
11001100100100000101110101100011
10100100000011011001011001101011
11000100101110111111000101110111
10111111000110100011001000000111
01011011101001001111010101010100
11001001010001000001010110001110
01011001111010010010000100110001
11010001110110010010010110001000
11000110011100111101110000100100
10101111100000011100100010100000
10110000010010100010000000000111
00101100110110000110001011111111
11000111101111000110100101110010
01010000110101101000000000010111
01000000101100001110011111010010
00101010110101000100111000111110
10110101000101101010110011101101
00101111000111011010101100101001
01011001001001010111100101001100
01011100010110111101011111001010
10110100111100001011101100010010
00101000110010010111101000100000
00100111001010111110101101001010
00110010110110010110000111101110
01001110000101111100111100100101
10100000110011000111010000101110
10101111011100101001111110100110
11011001111011011101011010101100
11001111110001110010000100010011
11000110101101110000111100101110
10101011100011100011100011000101
10110010000010111001000111101010
10110100010101010010100010110011
10111110110111010100111011101010
10110111110001001100010101010111
00100001111110000111110011111101
00100001010010000001110100110011
00100101000001001000100010110111
01001011100000010100101100001000
10100110001010111101110101001010
11000000000100111010101111000111
10110111001000001000100100000110
01001011100110110001110100010101
00111111110001101110011100110010
00111010010010011011110100011110
01010100000000101110001110010100
01000110000100101000110001011110
11000000011101100110000010011010
01000101011000000001000011011010
11010001000100011000111111000101
11000110010111100100010011111010
11010100000101100000110101001011
10111000101101101110100111000111
11011010000100110110111011110000
00111110000101110011001011011110
01001000001001111000101001000010
10110100111010010101010110110111
01010010001100101010011010111101
01011011010011010111110110011101
10100100100111110010100101100110
11001010100000110000010000010100
10110011111010000010101110101000
11000010010001110011010110100011
10110011110100000000001000111010
10100111011010000010011100011001
10101100101011011010101101111111
00100110100101010100000010101100
00100011101111110011101111100101
10110111111010001000110100101100
10111111100101111101110001110111
00111100001001111101100010110101
10100001010100011101111110011010
00100101111100010010101001010110
01001110001011100010011111001011
10100100100001011110000011100111
10101001001100100011011010001110
01000100010110100010011000110011
11010010101000000111101001011111
11010101110100111010000101100001
11010110100110100110000110110101
01011000100000110110111111010100
11001110001110010011010001111110
01001111101111001011011010000100
10110010100000100010010100011111
00101010101011011000000011001011
01010010110010101111010001111011
00110111000111101011010101100001
10111100110011111110101011111001
00110100110100100100011100011011
00101101000010000010011100010001
00101111100001100100000010100001
01010001100111010011010001001110
00110100111000110010000011000110
01010010011010110111001110110001
10110111101100110000001011001010
10101110100010000101001001010101
10100101101010101111100010110111
11010110100000010001001101010001
00101000011010111111101111111110
00111010100100110100101101100100
01011011000001100100111000111000
11010101100001011001001111001101
10101100001100101000100000101100
10110010100110001101111110111000
01001010011001001100111010010011
11011010101010011111111011010001
01001001110101110111111100001111
00111010011111101000000001110010
11010101100100011001101100101110
00110000100000010110101001110111
10100011100001100001110011101111
11000001001101001001110100100110
10100100011001111011010100100110
11001011100000011000100001100011
00111101110111010100101101010111
10100001010110011001010010001000
11000001100011000110101001000101
01010011110101101010100001100011
11000010001010001111001010111111
01001101010101001010010000111111
00101011110100100110111101101101
00110110100110100101011110111010
00110110000111000010001011011000
01010111001111000001001010100010
00101010100110100111100010011100
01001000111010100010000010101101
10111110101010010110011110110111
00101001010001111110100001111100
10101001101100000110010011011111
10100111000000010101110110010101
01000101100100011101010101010010
01000100000100110000011111011110
00101010000110110010111001100110
11000100100100001000111000101001
00111111001011011110100101100011
11001010101101011000101111101000
00110101110111111101011100011011
10110110000011011001000001111110
00100111101101011011000011101000
11010001010101011111011000001001
01000100110011010111000011110001
00100001101110111111010010101110
11000100100100101111000110100001
11011100101111011100110100001101
11000001111111100110001100101110
01010100110110110110101111110011
01001001110110110100001000101000
10101011000110011001110011000101
00101001000000100000011111111111
10110011101011000000010000100110
11010000110011000001010001001000
01001100001111001111010001100010
01000101010011001011010011001111
00101111011010111111010100011100
10100010011001100110001010010000
00111011110011000001011001101000
11010100111101111100111001111001
11011010111111010011010010010100
00100001110000000001000010111010
10111011011100101010000101110011
10110001001001101110011110010011
11001111000111010001011001010001
10111110101000011111101001111101
00100111100001001101101001001001
10111100100110010000100011100010
10100011100011011110110011111001
00100001100100100111000101110011
01000001000001110001000000100101
10101010100110010011111000011100
00101011010011010000100110111101
10110000001000010111001010011100
10100100000000000110111111010011
00111100101010101010101101110000
11001111000111111000100101010001
01011001001111101000111101101110
10100100111001001010011100001000
11000010011110101110111000000000
10111111000001110111010100011001
00111010010101010111001110000001
00110000111000110011010010111101
10110100100100100000011110100010
01011010110010001100110001100110
10101000100111110101001111001111
00111011111001111001110100100111
10110110110111011011010001010010
00100010000100111000000100000100
00111110010101101000010000100011
01000111000011100101101101100110
10100101101001001000001010010000
11001110001111011001100111001001
00110011110001001101100110001101
11010011001100101010001110101111
10100101001001001010100001011000
10111101011110010010100011110011
11001101101010100010001010001111
11010110101011101010000010111001
01011011101110100100100001001010
11010001001010110001001111110000
01001010111100001110011011001110
01000101000101010001100011110001
11001101110110111000001101110101
