00000000000000000000000000000000
10000000000000000000000000000000
00111111100111011001101111111110
11001011101000101010110100101111
00000000011011001110001111101110
10000000011011001110001111101110
00000000000010101110001110011000
10000000000010101110001110011000
00011110001111001110010100001000
10011110001111101100100010011010
00111111100000000000000000000000
10111111100000000000000000000000
00111111100000000000000000001000
00111111011111111111111111101111
01000000000000000000000000000000
11000000000000000000000000000000
00111111000000000000000000000000
10111111000000000000000000000000
01000000100000000000000000000000
11000000100000000000000000000000
01000000011000000000000000000000
11000000011000000000000000000000
01000001001000000000000000000000
11000001001000000000000000000000
01000010110010000000000000000000
11000010110010000000000000000000
01001001011101000010010000000000
11001001011101000010010000000000
01111111011111111100100110011110
11111111011111111100100110011110
01111111100000000000000000000000
11111111100000000000000000000000
10000101010010100000100111000000
11001000111110010010000100001001
01000010001111010010110101001110
11111111001110100111001110011101
11110001001111010001110010001001
10000100111011110101101100111001
01111110001110000011001101101100
11111111000001111111000100001110
11111110000100010100111111001110
01110000000100000011011101101100
00000100110111000010101101000001
01000010000111101000001011110011
11001000110110001110110000101010
01000010101101101110001010011110
11001001010000100011101110110111
11110001001000101110001010001101
01001000010010101001011100000100
00000100110000110110111100100111
11111111001010010101100110000011
11110001001010100001111100001010
01001001001000001101011110010101
01111111001011011111110100101111
01001000000101110001010000010011
10000101010000010010111101011000
01000010010110100111010001100101
00000101000101110010001010101100
10000100010010111111010001100101
01110000010110110011010111000101
11001001001001001011100000111101
11001001000011011101011110011111
01001000110001010001011100010100
00000100001110011010110101000010
01000000110110100111111011000110
11000010100001101010001110010110
11110000101110011101010110101101
11111110111111010010000000101111
01001001001001110110100001111101
10000100111001101000000000011011
00000101000000011100000010001100
11110000101110111001111000010000
01000010101001010100000100100100
01111111001010011110001101110110
11001001000011000101000110101111
11110000001010001001110110100010
11110001000100000011111000110110
11000010010010101011001010110000
01111101100011001100000001101010
11111110000000010011011110001011
11111110001101011010001101101011
01000010110001101110111000101001
00111111111100111101111110000101
00000100110110011001100001101100
10000101000100111010101000111100
01000010011010011010100111011011
01110000000110111100000111010111
11110000001111110100000100011110
01101111001111000010010110100101
01111111001000101101101000110000
00000100100110010101111001000000
00000100100110101001010100000100
01111110111000100111110011000101
11001001001111011010101111111010
11110001000010100001000110101001
00000101010000010000100000101110
01001001011001100110101000000011
00111111110001001010011010011111
00000101000111011001100111100110
01001001001001101101010010101011
01111110010001001100000010001111
11000001110010011011110011100011
01000000111111000000011010011010
01111111001111001110011101011001
11111110100111101011111110010011
10000101001001010001011111011101
01001001001110001110110000111100
11001000111111100111000011101100
01000010100101110011010000101111
10000101001100000011111001011000
01110000111111110100100000010100
01111110111011111111110101101011
01000001111111111001100111110000
11111111000101110010100010000101
01111111001010000001110011001100
01110001001110111000111000000000
01111110111001100111001010111111
01000010001010100101101111110011
01110001010001111111110100111110
11000111111100011100101111101011
11111101101011110011000001110110
11000010010111000011110111111100
11001001011010011101111010111000
11111110111100111010010110011101
11000010110001010001111110101000
10000100111001101001011101000001
00000101000110001111100011010100
00000010110000001010111011100001
01001000101001010000010001110010
01000000111110110001100011100000
01111110000010011001101011001011
01000010011000111011001000001111
11110000111110100001010110111011
00000100100001110011111101100000
11001000000101010100001010110000
01110001000100101111001111010111
00000100100100110111101101110100
10000101001110101110010100001011
01001001000100101100011000010000
10000100110101011101000111001110
01000000111010000011101010010100
11000001011110011111101010010000
11000111100100011111101111101110
10000011110000011000010000011100
11111111001101010111111111111010
01111111000101111010110111101111
00000101001101010101101101000001
11000010100001010111100110111110
11101110111100001110111111010010
01110001001000101000101110011110
11000001110000011010010010011100
11110000101111011010101011011111
11110000101011010111100101101011
01111110100100100010001001010110
11110001000010110110110100101100
11001001000010011101011101100011
00000100000001101011011111100001
11111111010001100010110111100110
11001001010110000011101001010111
11111101001001111010001110001011
11111111000110101010000110100010
11111111001111011000100010001110
11000010101011001001011101101010
00000100100101010000110111101010
11000001100110011111010110001001
11111110111001010001110010010011
11111111010011111100000110000101
10000100000010010110111010000011
01111101111010111000101011001011
01001001010101000100001001001000
01000010000001111100011111100001
11001000111111110011000010000011
11110001000101010001011001001011
11000111101001110001011101101101
10000101010100001011011011010001
01111111011000001111111101001101
10000101001101011000001111001011
00111111100101101010010111101110
01000010101011010100110111000011
00000101001000010101001011011111
11001000110100011111100100100111
01110001000001101100110001101011
01001000010110100001111011100010
11111111010111100010100111100101
11111110101101010001110111100101
00000101001110101011001100111111
11000010001111000110110101100001
00000100110011100011100110101110
11000010001101100001111100010110
11111111000000101001111001101100
11001001000100001011101001010110
01000110001010010000100001110111
01001001010001011110101100010000
10000101001011010110101011000100
01110001000001010000010111001011
10000101010100110010101100010110
01000001110110110110000110100100
11001001001001010011111001000001
01101111101001101111110100001011
01101111110001001100110011111010
